ip=00 [0, 0, 0, 0, 0, 0] 		addi 2 16 2 [0, 0, 16, 0, 0, 0]     //reg2 = reg2 + 16
ip=17 [0, 0, 17, 0, 0, 0] 		addi 5 2 5 [0, 0, 17, 0, 0, 2]      //reg5 = reg5 + 2
ip=18 [0, 0, 18, 0, 0, 2] 		mulr 5 5 5 [0, 0, 18, 0, 0, 4]      //reg5 = reg5 * reg5
ip=19 [0, 0, 19, 0, 0, 4] 		mulr 2 5 5 [0, 0, 19, 0, 0, 76]     //reg5 = reg2 * reg5
ip=20 [0, 0, 20, 0, 0, 76] 		muli 5 11 5 [0, 0, 20, 0, 0, 836]   //reg5 = reg5 * 11
ip=21 [0, 0, 21, 0, 0, 836] 	addi 3 8 3 [0, 0, 21, 8, 0, 836]    //reg3 = reg3 + 8
ip=22 [0, 0, 22, 8, 0, 836] 	mulr 3 2 3 [0, 0, 22, 176, 0, 836]  //reg3 = reg3 * reg2
ip=23 [0, 0, 23, 176, 0, 836] 	addi 3 5 3 [0, 0, 23, 181, 0, 836]  //reg3 = reg3 + 5
ip=24 [0, 0, 24, 181, 0, 836] 	addr 5 3 5 [0, 0, 24, 181, 0, 1017] //reg5 = reg5 + reg3
ip=25 [0, 0, 25, 181, 0, 1017] 	addr 2 0 2 [0, 0, 25, 181, 0, 1017] //reg2 = reg2 + reg0    //second part has 1 in r0
ip=26 [0, 0, 26, 181, 0, 1017] 	seti 0 9 2 [0, 0, 0, 181, 0, 1017]  //reg2 = 0
ip=01 [0, 0, 1, 181, 0, 1017] 	seti 1 0 4 [0, 0, 1, 181, 1, 1017]  //reg4 = 1
ip=02 [0, 0, 2, 181, 1, 1017] 	seti 1 0 1 [0, 1, 2, 181, 1, 1017]  //reg1 = 1

ip=03 [0, 1, 03, 181, 1, 1017]	mulr 4 1 3 [0, 1, 3, 1, 1, 1017]
ip=04 [0, 1, 04, 1, 1, 1017]	eqrr 3 5 3 [0, 1, 4, 0, 1, 1017]
ip=05 [0, 1, 05, 0, 1, 1017] 	addr 3 2 2 [0, 1, 5, 0, 1, 1017]
ip=06 [0, 1, 06, 0, 1, 1017] 	addi 2 1 2 [0, 1, 7, 0, 1, 1017]
ip=08 [0, 1, 08, 0, 1, 1017] 	addi 1 1 1 [0, 2, 8, 0, 1, 1017]
ip=09 [0, 2, 09, 0, 1, 1017] 	gtrr 1 5 3 [0, 2, 9, 0, 1, 1017]
ip=10 [0, 2, 10, 0, 1, 1017] 	addr 2 3 2 [0, 2, 10, 0, 1, 1017]
ip=11 [0, 2, 11, 0, 1, 1017] 	seti 2 5 2 [0, 2, 2, 0, 1, 1017]

ip=03 [0, 2, 03, 0, 1, 1017] 	mulr 4 1 3 [0, 2, 3, 2, 1, 1017]    //reg3 = reg4 * reg1                                //reg4 is always 1 so reg3 is always reg1
ip=04 [0, 2, 04, 2, 1, 1017] 	eqrr 3 5 3 [0, 2, 4, 0, 1, 1017]    //reg3 = 1, if reg3 == reg5;    else reg3 = 0
ip=05 [0, 2, 05, 0, 1, 1017] 	addr 3 2 2 [0, 2, 5, 0, 1, 1017]    //reg2 = reg3 + reg2
ip=06 [0, 2, 06, 0, 1, 1017] 	addi 2 1 2 [0, 2, 7, 0, 1, 1017]    //reg2 = reg2 + 1
ip=08 [0, 2, 08, 0, 1, 1017] 	addi 1 1 1 [0, 3, 8, 0, 1, 1017]    //reg1 = reg1 + 1                                   //incremented by one, every loop
ip=09 [0, 3, 09, 0, 1, 1017] 	gtrr 1 5 3 [0, 3, 9, 0, 1, 1017]    //reg3 = 1, if reg5 > reg3;     else  reg3 = 0
ip=10 [0, 3, 10, 0, 1, 1017] 	addr 2 3 2 [0, 3, 10, 0, 1, 1017]   //reg2 = reg2 + reg3
ip=11 [0, 3, 11, 0, 1, 1017] 	seti 2 5 2 [0, 3, 2, 0, 1, 1017]    //reg2 = 2                                          //jump to instr #2 + 1, loop


ip=12 [1, 1018, 12, 1, 1, 1017] addi 4 1 4 [1, 1018, 12, 1, 2, 1017] //reg4 = reg4 + 1
ip=13 [1, 1018, 13, 1, 2, 1017] gtrr 4 5 3 [1, 1018, 13, 0, 2, 1017] //reg3 = 1, if reg4 > reg5, else reg3 = 0
ip=14 [1, 1018, 14, 0, 2, 1017] addr 3 2 2 [1, 1018, 14, 0, 2, 1017] //reg2 = reg3 + 2                               //instr 5 and 14 are the same
ip=15 [1, 1018, 15, 0, 2, 1017] seti 1 9 2 [1, 1018, 1, 0, 2, 1017]  //reg2 = 1


ip=03 [0, 3, 3, 0, 1, 1017]     mulr 4 1 3 [0, 3, 3, 3, 1, 1017]
ip=04 [0, 3, 4, 3, 1, 1017]     eqrr 3 5 3 [0, 3, 4, 0, 1, 1017]
ip=05 [0, 3, 5, 0, 1, 1017]     addr 3 2 2 [0, 3, 5, 0, 1, 1017]
ip=06 [0, 3, 6, 0, 1, 1017]     addi 2 1 2 [0, 3, 7, 0, 1, 1017]
ip=08 [0, 3, 8, 0, 1, 1017]     addi 1 1 1 [0, 4, 8, 0, 1, 1017]
ip=09 [0, 4, 9, 0, 1, 1017]     gtrr 1 5 3 [0, 4, 9, 0, 1, 1017]
ip=10 [0, 4, 10, 0, 1, 1017]    addr 2 3 2 [0, 4, 10, 0, 1, 1017]
ip=11 [0, 4, 11, 0, 1, 1017]    seti 2 5 2 [0, 4, 2, 0, 1, 1017]

ip=03 [0, 4, 3, 0, 1, 1017]     mulr 4 1 3 [0, 4, 3, 4, 1, 1017]
ip=04 [0, 4, 4, 4, 1, 1017]     eqrr 3 5 3 [0, 4, 4, 0, 1, 1017]
ip=05 [0, 4, 5, 0, 1, 1017]     addr 3 2 2 [0, 4, 5, 0, 1, 1017]
ip=06 [0, 4, 6, 0, 1, 1017]     addi 2 1 2 [0, 4, 7, 0, 1, 1017]
ip=08 [0, 4, 8, 0, 1, 1017]     addi 1 1 1 [0, 5, 8, 0, 1, 1017]
ip=09 [0, 5, 9, 0, 1, 1017]     gtrr 1 5 3 [0, 5, 9, 0, 1, 1017]
ip=10 [0, 5, 10, 0, 1, 1017]    addr 2 3 2 [0, 5, 10, 0, 1, 1017]
ip=11 [0, 5, 11, 0, 1, 1017]    seti 2 5 2 [0, 5, 2, 0, 1, 1017]

ip=03 [0, 5, 3, 0, 1, 1017]     mulr 4 1 3 [0, 5, 3, 5, 1, 1017]
ip=04 [0, 5, 4, 5, 1, 1017]     eqrr 3 5 3 [0, 5, 4, 0, 1, 1017]
ip=05 [0, 5, 5, 0, 1, 1017]     addr 3 2 2 [0, 5, 5, 0, 1, 1017]
ip=06 [0, 5, 6, 0, 1, 1017]     addi 2 1 2 [0, 5, 7, 0, 1, 1017]
ip=08 [0, 5, 8, 0, 1, 1017]     addi 1 1 1 [0, 6, 8, 0, 1, 1017]
ip=09 [0, 6, 9, 0, 1, 1017]     gtrr 1 5 3 [0, 6, 9, 0, 1, 1017]
ip=10 [0, 6, 10, 0, 1, 1017]    addr 2 3 2 [0, 6, 10, 0, 1, 1017]
ip=11 [0, 6, 11, 0, 1, 1017]    seti 2 5 2 [0, 6, 2, 0, 1, 1017]

