line_00:    seti 123 0 1            //r1 = 123
line_01:    bani 1 456 1            //r1 = r1 & 456
line_02:    eqri 1 72 1             //r1 = r1 == 72 ? 1:0
line_03:    addr 1 4 4              //r4 = r1 + r4
line_04:    seti 0 0 4              //r4 = 0                    //r4 = pc, loop

line_05:    seti 0 3 1              //r1 = 0

line_06:    bori 1 65536 5          //r5 = r1 | 0x10000          //r5 = 0x10000
line_07:    seti 8586263 3 1        //r1 = 8586263

line_08:    bani 5 255 2            //r2 = r5 & 0xff            //
line_09:    addr 1 2 1              //r1 = r2 + r1              //r1 = r2 + 8586263
line_10:    bani 1 16777215 1       //r1 = r1 & 0xffffff        //trim top byte in r1
line_11:    muli 1 65899 1          //r1 = r1 * 65899           //
line_12:    bani 1 16777215 1       //r1 = r1 & 0xffffff		//
line_13:    gtir 256 5 2            //r2 = 256 > r5 ? 1:0	//conditional, must be true to break out
line_14:    addr 2 4 4              //r4 = r2 + r4              // !!! if true, goes to #line_16
line_15:    addi 4 1 4              //r4 = r4 + 1               // !!! increment pc by one if previous conditional
line_16:    seti 27 8 4             //r4 = 27      goes to #line_28  #break_out // !!! this will be executed or skipped depending on prev
line_17:    seti 0 1 2              //r2 = 0
#line_18:    addi 2 1 3              //r3 = r2 + 1
#line_19:    muli 3 256 3            //r3 = r3 * 0x100
#line_20:    gtrr 3 5 3              //r3 = r3 > r5 ? 1:0
#line_21:    addr 3 4 4              //r4 = r3 + r4              // !!!
#line_22:    addi 4 1 4              //r4 = r4 + 1               // !!! increment pc by one
#line_23:    seti 25 8 4             //r4 = 25 ##goes to line_26 
#line_24:    addi 2 1 2              //r2 = r2 + 1
#line_25:    seti 17 7 4             //r4 = 17 ##goes to line_18     //loop, going backwards
line_26:    setr 2 0 5              //r5 = r2
line_27:    seti 7 8 4              //r4 = 7  ##goes to line_08     //loop, going backwards
line_28:    eqrr 1 0 2              //r2 = r1 == r0 ? 1:0			// is r1 == r0, r0 is modifiable
line_29:    addr 2 4 4              //r4 = r2 + r4                  // !!! if yes, next instruction is skipped == success
line_30:    seti 5 4 4              //r4 = 5  ##goes to line_06     //loop, going backwards


6 bori 1 65536 5 [0, 0, 0, 0, 6, 0] [0, 0, 0, 0, 6, 65536]
7 seti 8586263 3 1 [0, 0, 0, 0, 7, 65536] [0, 8586263, 0, 0, 7, 65536]

8 bani 5 255 2 [0, 8586263, 0, 0, 8, 65536] [0, 8586263, 0, 0, 8, 65536]
9 addr 1 2 1 [0, 8586263, 0, 0, 9, 65536] [0, 8586263, 0, 0, 9, 65536]
10 bani 1 16777215 1 [0, 8586263, 0, 0, 10, 65536] [0, 8586263, 0, 0, 10, 65536]
11 muli 1 65899 1 [0, 8586263, 0, 0, 11, 65536] [0, 565826145437, 0, 0, 11, 65536]
12 bani 1 16777215 1 [0, 565826145437, 0, 0, 12, 65536] [0, 14535837, 0, 0, 12, 65536]
13 gtir 256 5 2 [0, 14535837, 0, 0, 13, 65536] [0, 14535837, 0, 0, 13, 65536]
14 addr 2 4 4 [0, 14535837, 0, 0, 14, 65536] [0, 14535837, 0, 0, 14, 65536]
15 addi 4 1 4 [0, 14535837, 0, 0, 15, 65536] [0, 14535837, 0, 0, 16, 65536]
17 seti 0 1 2 [0, 14535837, 0, 0, 17, 65536] [0, 14535837, 0, 0, 17, 65536]

8 bani 5 255 2 [0, 14535837, 256, 1, 8, 256] [0, 14535837, 0, 1, 8, 256]
9 addr 1 2 1 [0, 14535837, 0, 1, 9, 256] [0, 14535837, 0, 1, 9, 256]
10 bani 1 16777215 1 [0, 14535837, 0, 1, 10, 256] [0, 14535837, 0, 1, 10, 256]
11 muli 1 65899 1 [0, 14535837, 0, 1, 11, 256] [0, 957897122463, 0, 1, 11, 256]
12 bani 1 16777215 1 [0, 957897122463, 0, 1, 12, 256] [0, 1974943, 0, 1, 12, 256]
13 gtir 256 5 2 [0, 1974943, 0, 1, 13, 256] [0, 1974943, 0, 1, 13, 256]
14 addr 2 4 4 [0, 1974943, 0, 1, 14, 256] [0, 1974943, 0, 1, 14, 256]
15 addi 4 1 4 [0, 1974943, 0, 1, 15, 256] [0, 1974943, 0, 1, 16, 256]
17 seti 0 1 2 [0, 1974943, 0, 1, 17, 256] [0, 1974943, 0, 1, 17, 256]

8 bani 5 255 2 [0, 1974943, 1, 1, 8, 1] [0, 1974943, 1, 1, 8, 1]
9 addr 1 2 1 [0, 1974943, 1, 1, 9, 1] [0, 1974944, 1, 1, 9, 1]
10 bani 1 16777215 1 [0, 1974944, 1, 1, 10, 1] [0, 1974944, 1, 1, 10, 1]
11 muli 1 65899 1 [0, 1974944, 1, 1, 11, 1] [0, 130146834656, 1, 1, 11, 1]
12 bani 1 16777215 1 [0, 130146834656, 1, 1, 12, 1] [0, 5970144, 1, 1, 12, 1]
13 gtir 256 5 2 [0, 5970144, 1, 1, 13, 1] [0, 5970144, 1, 1, 13, 1]
14 addr 2 4 4 [0, 5970144, 1, 1, 14, 1] [0, 5970144, 1, 1, 15, 1]
16 seti 27 8 4 [0, 5970144, 1, 1, 16, 1] [0, 5970144, 1, 1, 27, 1]

28 eqrr 1 0 2 [0, 5970144, 1, 1, 28, 1] [0, 5970144, 0, 1, 28, 1]
29 addr 2 4 4 [0, 5970144, 0, 1, 29, 1] [0, 5970144, 0, 1, 29, 1]
30 seti 5 4 4 [0, 5970144, 0, 1, 30, 1] [0, 5970144, 0, 1, 5, 1]


r1 & 0xffffff
r1 *= 65899
r1 & 0xffffff



6 bori 1 65536 5 [0, 5970144, 0, 1, 6, 1] [0, 5970144, 0, 1, 6, 5970144]
7 seti 8586263 3 1 [0, 5970144, 0, 1, 7, 5970144] [0, 8586263, 0, 1, 7, 5970144]

8 bani 5 255 2 [0, 8586263, 0, 1, 8, 5970144] [0, 8586263, 224, 1, 8, 5970144]
9 addr 1 2 1 [0, 8586263, 224, 1, 9, 5970144] [0, 8586487, 224, 1, 9, 5970144]
10 bani 1 16777215 1 [0, 8586487, 224, 1, 10, 5970144] [0, 8586487, 224, 1, 10, 5970144]
11 muli 1 65899 1 [0, 8586487, 224, 1, 11, 5970144] [0, 565840906813, 224, 1, 11, 5970144]
12 bani 1 16777215 1 [0, 565840906813, 224, 1, 12, 5970144] [0, 12519997, 224, 1, 12, 5970144]
13 gtir 256 5 2 [0, 12519997, 224, 1, 13, 5970144] [0, 12519997, 0, 1, 13, 5970144]
14 addr 2 4 4 [0, 12519997, 0, 1, 14, 5970144] [0, 12519997, 0, 1, 14, 5970144]
15 addi 4 1 4 [0, 12519997, 0, 1, 15, 5970144] [0, 12519997, 0, 1, 16, 5970144]
17 seti 0 1 2 [0, 12519997, 0, 1, 17, 5970144] [0, 12519997, 0, 1, 17, 5970144]

8 bani 5 255 2 [0, 12519997, 23320, 1, 8, 23320] [0, 12519997, 24, 1, 8, 23320]
9 addr 1 2 1 [0, 12519997, 24, 1, 9, 23320] [0, 12520021, 24, 1, 9, 23320]
10 bani 1 16777215 1 [0, 12520021, 24, 1, 10, 23320] [0, 12520021, 24, 1, 10, 23320]
11 muli 1 65899 1 [0, 12520021, 24, 1, 11, 23320] [0, 825056863879, 24, 1, 11, 23320]
12 bani 1 16777215 1 [0, 825056863879, 24, 1, 12, 23320] [0, 3712647, 24, 1, 12, 23320]
13 gtir 256 5 2 [0, 3712647, 24, 1, 13, 23320] [0, 3712647, 0, 1, 13, 23320]
14 addr 2 4 4 [0, 3712647, 0, 1, 14, 23320] [0, 3712647, 0, 1, 14, 23320]
15 addi 4 1 4 [0, 3712647, 0, 1, 15, 23320] [0, 3712647, 0, 1, 16, 23320]
17 seti 0 1 2 [0, 3712647, 0, 1, 17, 23320] [0, 3712647, 0, 1, 17, 23320]

8 bani 5 255 2 [0, 3712647, 91, 1, 8, 91] [0, 3712647, 91, 1, 8, 91]
9 addr 1 2 1 [0, 3712647, 91, 1, 9, 91] [0, 3712738, 91, 1, 9, 91]
10 bani 1 16777215 1 [0, 3712738, 91, 1, 10, 91] [0, 3712738, 91, 1, 10, 91]
11 muli 1 65899 1 [0, 3712738, 91, 1, 11, 91] [0, 244665721462, 91, 1, 11, 91]
12 bani 1 16777215 1 [0, 244665721462, 91, 1, 12, 91] [0, 3580534, 91, 1, 12, 91]
13 gtir 256 5 2 [0, 3580534, 91, 1, 13, 91] [0, 3580534, 1, 1, 13, 91]
14 addr 2 4 4 [0, 3580534, 1, 1, 14, 91] [0, 3580534, 1, 1, 15, 91]
16 seti 27 8 4 [0, 3580534, 1, 1, 16, 91] [0, 3580534, 1, 1, 27, 91]

28 eqrr 1 0 2 [0, 3580534, 1, 1, 28, 91] [0, 3580534, 0, 1, 28, 91]
29 addr 2 4 4 [0, 3580534, 0, 1, 29, 91] [0, 3580534, 0, 1, 29, 91]
30 seti 5 4 4 [0, 3580534, 0, 1, 30, 91] [0, 3580534, 0, 1, 5, 91]









6 bori 1 65536 5 [0, 3580534, 0, 1, 6, 91] [0, 3580534, 0, 1, 6, 3646070]
7 seti 8586263 3 1 [0, 3580534, 0, 1, 7, 3646070] [0, 8586263, 0, 1, 7, 3646070]
8 bani 5 255 2 [0, 8586263, 0, 1, 8, 3646070] [0, 8586263, 118, 1, 8, 3646070]
9 addr 1 2 1 [0, 8586263, 118, 1, 9, 3646070] [0, 8586381, 118, 1, 9, 3646070]
10 bani 1 16777215 1 [0, 8586381, 118, 1, 10, 3646070] [0, 8586381, 118, 1, 10, 3646070]
11 muli 1 65899 1 [0, 8586381, 118, 1, 11, 3646070] [0, 565833921519, 118, 1, 11, 3646070]
12 bani 1 16777215 1 [0, 565833921519, 118, 1, 12, 3646070] [0, 5534703, 118, 1, 12, 3646070]
13 gtir 256 5 2 [0, 5534703, 118, 1, 13, 3646070] [0, 5534703, 0, 1, 13, 3646070]
14 addr 2 4 4 [0, 5534703, 0, 1, 14, 3646070] [0, 5534703, 0, 1, 14, 3646070]
15 addi 4 1 4 [0, 5534703, 0, 1, 15, 3646070] [0, 5534703, 0, 1, 16, 3646070]
17 seti 0 1 2 [0, 5534703, 0, 1, 17, 3646070] [0, 5534703, 0, 1, 17, 3646070]
8 bani 5 255 2 [0, 5534703, 14242, 1, 8, 14242] [0, 5534703, 162, 1, 8, 14242]
9 addr 1 2 1 [0, 5534703, 162, 1, 9, 14242] [0, 5534865, 162, 1, 9, 14242]
10 bani 1 16777215 1 [0, 5534865, 162, 1, 10, 14242] [0, 5534865, 162, 1, 10, 14242]
11 muli 1 65899 1 [0, 5534865, 162, 1, 11, 14242] [0, 364742068635, 162, 1, 11, 14242]
12 bani 1 16777215 1 [0, 364742068635, 162, 1, 12, 14242] [0, 5392795, 162, 1, 12, 14242]
13 gtir 256 5 2 [0, 5392795, 162, 1, 13, 14242] [0, 5392795, 0, 1, 13, 14242]
14 addr 2 4 4 [0, 5392795, 0, 1, 14, 14242] [0, 5392795, 0, 1, 14, 14242]
15 addi 4 1 4 [0, 5392795, 0, 1, 15, 14242] [0, 5392795, 0, 1, 16, 14242]
17 seti 0 1 2 [0, 5392795, 0, 1, 17, 14242] [0, 5392795, 0, 1, 17, 14242]
8 bani 5 255 2 [0, 5392795, 55, 1, 8, 55] [0, 5392795, 55, 1, 8, 55]
9 addr 1 2 1 [0, 5392795, 55, 1, 9, 55] [0, 5392850, 55, 1, 9, 55]
10 bani 1 16777215 1 [0, 5392850, 55, 1, 10, 55] [0, 5392850, 55, 1, 10, 55]
11 muli 1 65899 1 [0, 5392850, 55, 1, 11, 55] [0, 355383422150, 55, 1, 11, 55]
12 bani 1 16777215 1 [0, 355383422150, 55, 1, 12, 55] [0, 8432838, 55, 1, 12, 55]
13 gtir 256 5 2 [0, 8432838, 55, 1, 13, 55] [0, 8432838, 1, 1, 13, 55]
14 addr 2 4 4 [0, 8432838, 1, 1, 14, 55] [0, 8432838, 1, 1, 15, 55]
16 seti 27 8 4 [0, 8432838, 1, 1, 16, 55] [0, 8432838, 1, 1, 27, 55]
28 eqrr 1 0 2 [0, 8432838, 1, 1, 28, 55] [0, 8432838, 0, 1, 28, 55]
29 addr 2 4 4 [0, 8432838, 0, 1, 29, 55] [0, 8432838, 0, 1, 29, 55]
30 seti 5 4 4 [0, 8432838, 0, 1, 30, 55] [0, 8432838, 0, 1, 5, 55]

6 bori 1 65536 5 [0, 8432838, 0, 1, 6, 55] [0, 8432838, 0, 1, 6, 8498374]
7 seti 8586263 3 1 [0, 8432838, 0, 1, 7, 8498374] [0, 8586263, 0, 1, 7, 8498374]
8 bani 5 255 2 [0, 8586263, 0, 1, 8, 8498374] [0, 8586263, 198, 1, 8, 8498374]
9 addr 1 2 1 [0, 8586263, 198, 1, 9, 8498374] [0, 8586461, 198, 1, 9, 8498374]
10 bani 1 16777215 1 [0, 8586461, 198, 1, 10, 8498374] [0, 8586461, 198, 1, 10, 8498374]
11 muli 1 65899 1 [0, 8586461, 198, 1, 11, 8498374] [0, 565839193439, 198, 1, 11, 8498374]
12 bani 1 16777215 1 [0, 565839193439, 198, 1, 12, 8498374] [0, 10806623, 198, 1, 12, 8498374]
13 gtir 256 5 2 [0, 10806623, 198, 1, 13, 8498374] [0, 10806623, 0, 1, 13, 8498374]
14 addr 2 4 4 [0, 10806623, 0, 1, 14, 8498374] [0, 10806623, 0, 1, 14, 8498374]
15 addi 4 1 4 [0, 10806623, 0, 1, 15, 8498374] [0, 10806623, 0, 1, 16, 8498374]
17 seti 0 1 2 [0, 10806623, 0, 1, 17, 8498374] [0, 10806623, 0, 1, 17, 8498374]
8 bani 5 255 2 [0, 10806623, 33196, 1, 8, 33196] [0, 10806623, 172, 1, 8, 33196]
9 addr 1 2 1 [0, 10806623, 172, 1, 9, 33196] [0, 10806795, 172, 1, 9, 33196]
10 bani 1 16777215 1 [0, 10806795, 172, 1, 10, 33196] [0, 10806795, 172, 1, 10, 33196]
11 muli 1 65899 1 [0, 10806795, 172, 1, 11, 33196] [0, 712156983705, 172, 1, 11, 33196]
12 bani 1 16777215 1 [0, 712156983705, 172, 1, 12, 33196] [0, 14496153, 172, 1, 12, 33196]
13 gtir 256 5 2 [0, 14496153, 172, 1, 13, 33196] [0, 14496153, 0, 1, 13, 33196]
14 addr 2 4 4 [0, 14496153, 0, 1, 14, 33196] [0, 14496153, 0, 1, 14, 33196]
15 addi 4 1 4 [0, 14496153, 0, 1, 15, 33196] [0, 14496153, 0, 1, 16, 33196]
17 seti 0 1 2 [0, 14496153, 0, 1, 17, 33196] [0, 14496153, 0, 1, 17, 33196]
8 bani 5 255 2 [0, 14496153, 129, 1, 8, 129] [0, 14496153, 129, 1, 8, 129]
9 addr 1 2 1 [0, 14496153, 129, 1, 9, 129] [0, 14496282, 129, 1, 9, 129]
10 bani 1 16777215 1 [0, 14496282, 129, 1, 10, 129] [0, 14496282, 129, 1, 10, 129]
11 muli 1 65899 1 [0, 14496282, 129, 1, 11, 129] [0, 955290487518, 129, 1, 11, 129]
12 bani 1 16777215 1 [0, 955290487518, 129, 1, 12, 129] [0, 12585694, 129, 1, 12, 129]
13 gtir 256 5 2 [0, 12585694, 129, 1, 13, 129] [0, 12585694, 1, 1, 13, 129]
14 addr 2 4 4 [0, 12585694, 1, 1, 14, 129] [0, 12585694, 1, 1, 15, 129]
16 seti 27 8 4 [0, 12585694, 1, 1, 16, 129] [0, 12585694, 1, 1, 27, 129]
28 eqrr 1 0 2 [0, 12585694, 1, 1, 28, 129] [0, 12585694, 0, 1, 28, 129]
29 addr 2 4 4 [0, 12585694, 0, 1, 29, 129] [0, 12585694, 0, 1, 29, 129]
30 seti 5 4 4 [0, 12585694, 0, 1, 30, 129] [0, 12585694, 0, 1, 5, 129]

6 bori 1 65536 5 [0, 12585694, 0, 1, 6, 129] [0, 12585694, 0, 1, 6, 12651230]
7 seti 8586263 3 1 [0, 12585694, 0, 1, 7, 12651230] [0, 8586263, 0, 1, 7, 12651230]
8 bani 5 255 2 [0, 8586263, 0, 1, 8, 12651230] [0, 8586263, 222, 1, 8, 12651230]
9 addr 1 2 1 [0, 8586263, 222, 1, 9, 12651230] [0, 8586485, 222, 1, 9, 12651230]
10 bani 1 16777215 1 [0, 8586485, 222, 1, 10, 12651230] [0, 8586485, 222, 1, 10, 12651230]
11 muli 1 65899 1 [0, 8586485, 222, 1, 11, 12651230] [0, 565840775015, 222, 1, 11, 12651230]
12 bani 1 16777215 1 [0, 565840775015, 222, 1, 12, 12651230] [0, 12388199, 222, 1, 12, 12651230]
13 gtir 256 5 2 [0, 12388199, 222, 1, 13, 12651230] [0, 12388199, 0, 1, 13, 12651230]
14 addr 2 4 4 [0, 12388199, 0, 1, 14, 12651230] [0, 12388199, 0, 1, 14, 12651230]
15 addi 4 1 4 [0, 12388199, 0, 1, 15, 12651230] [0, 12388199, 0, 1, 16, 12651230]
17 seti 0 1 2 [0, 12388199, 0, 1, 17, 12651230] [0, 12388199, 0, 1, 17, 12651230]
8 bani 5 255 2 [0, 12388199, 49418, 1, 8, 49418] [0, 12388199, 10, 1, 8, 49418]
9 addr 1 2 1 [0, 12388199, 10, 1, 9, 49418] [0, 12388209, 10, 1, 9, 49418]
10 bani 1 16777215 1 [0, 12388209, 10, 1, 10, 49418] [0, 12388209, 10, 1, 10, 49418]
11 muli 1 65899 1 [0, 12388209, 10, 1, 11, 49418] [0, 816370584891, 10, 1, 11, 49418]
12 bani 1 16777215 1 [0, 816370584891, 10, 1, 12, 49418] [0, 8031547, 10, 1, 12, 49418]
13 gtir 256 5 2 [0, 8031547, 10, 1, 13, 49418] [0, 8031547, 0, 1, 13, 49418]
14 addr 2 4 4 [0, 8031547, 0, 1, 14, 49418] [0, 8031547, 0, 1, 14, 49418]
15 addi 4 1 4 [0, 8031547, 0, 1, 15, 49418] [0, 8031547, 0, 1, 16, 49418]
17 seti 0 1 2 [0, 8031547, 0, 1, 17, 49418] [0, 8031547, 0, 1, 17, 49418]
8 bani 5 255 2 [0, 8031547, 193, 1, 8, 193] [0, 8031547, 193, 1, 8, 193]
9 addr 1 2 1 [0, 8031547, 193, 1, 9, 193] [0, 8031740, 193, 1, 9, 193]
10 bani 1 16777215 1 [0, 8031740, 193, 1, 10, 193] [0, 8031740, 193, 1, 10, 193]
11 muli 1 65899 1 [0, 8031740, 193, 1, 11, 193] [0, 529283634260, 193, 1, 11, 193]
12 bani 1 16777215 1 [0, 529283634260, 193, 1, 12, 193] [0, 12801108, 193, 1, 12, 193]
13 gtir 256 5 2 [0, 12801108, 193, 1, 13, 193] [0, 12801108, 1, 1, 13, 193]
14 addr 2 4 4 [0, 12801108, 1, 1, 14, 193] [0, 12801108, 1, 1, 15, 193]
16 seti 27 8 4 [0, 12801108, 1, 1, 16, 193] [0, 12801108, 1, 1, 27, 193]
28 eqrr 1 0 2 [0, 12801108, 1, 1, 28, 193] [0, 12801108, 0, 1, 28, 193]
29 addr 2 4 4 [0, 12801108, 0, 1, 29, 193] [0, 12801108, 0, 1, 29, 193]
30 seti 5 4 4 [0, 12801108, 0, 1, 30, 193] [0, 12801108, 0, 1, 5, 193]

6 bori 1 65536 5 [0, 12801108, 0, 1, 6, 193] [0, 12801108, 0, 1, 6, 12801108]
7 seti 8586263 3 1 [0, 12801108, 0, 1, 7, 12801108] [0, 8586263, 0, 1, 7, 12801108]
8 bani 5 255 2 [0, 8586263, 0, 1, 8, 12801108] [0, 8586263, 84, 1, 8, 12801108]
9 addr 1 2 1 [0, 8586263, 84, 1, 9, 12801108] [0, 8586347, 84, 1, 9, 12801108]
10 bani 1 16777215 1 [0, 8586347, 84, 1, 10, 12801108] [0, 8586347, 84, 1, 10, 12801108]
11 muli 1 65899 1 [0, 8586347, 84, 1, 11, 12801108] [0, 565831680953, 84, 1, 11, 12801108]
12 bani 1 16777215 1 [0, 565831680953, 84, 1, 12, 12801108] [0, 3294137, 84, 1, 12, 12801108]
13 gtir 256 5 2 [0, 3294137, 84, 1, 13, 12801108] [0, 3294137, 0, 1, 13, 12801108]
14 addr 2 4 4 [0, 3294137, 0, 1, 14, 12801108] [0, 3294137, 0, 1, 14, 12801108]
15 addi 4 1 4 [0, 3294137, 0, 1, 15, 12801108] [0, 3294137, 0, 1, 16, 12801108]
17 seti 0 1 2 [0, 3294137, 0, 1, 17, 12801108] [0, 3294137, 0, 1, 17, 12801108]

